FID IID FA MO SEX Phenotype rs1 rs2 rs3 rs4 rs5 rs6 rs7 rs8 rs9 rs10 rs11 rs12 rs13 rs14 rs15 rs16 rs17 rs18 rs19 rs20 rs21 rs22 rs23 rs24 rs25 rs26 rs27 rs28 rs29 rs30
1 1 0 0 1 -0.4038096 0 1 0 0 0 0 0 0 0 0 0 0 0 0 0 0 0 0 0 0 0 0 0 0 0 0 0 0 0 1
1 2 0 0 2 -0.8077556 0 0 0 0 0 0 0 0 0 0 0 0 0 0 0 0 0 0 0 0 0 1 0 0 0 0 0 0 0 1
1 3 0 0 1 0.3184009 1 0 0 0 0 0 0 1 1 0 1 0 0 0 0 0 0 0 0 0 0 0 0 0 0 1 0 1 1 1
1 4 1 2 2 0.142514 0 0 0 0 0 0 0 0 0 0 0 0 1 0 1 0 1 0 0 0 1 0 1 0 0 1 1 0 0 0
1 5 1 2 1 -1.164478 1 0 0 0 0 1 0 0 0 0 0 0 0 0 0 0 1 0 0 0 0 0 0 0 0 1 0 1 1 1
1 6 1 2 2 -1.3846411 0 0 0 0 0 0 0 0 0 0 0 0 0 0 0 0 0 0 2 0 1 0 0 0 0 0 0 0 0 1
1 7 1 2 1 -1.285919 1 0 0 0 0 0 0 1 1 0 1 0 0 0 0 0 0 0 0 0 0 0 0 0 0 1 0 1 1 0
1 8 1 2 2 -0.6752692 1 0 1 0 0 1 0 1 1 0 1 0 1 0 0 1 1 0 0 0 0 0 0 0 0 1 0 1 1 1
1 9 3 4 1 0.1830898 1 0 0 0 2 1 0 0 0 0 0 0 0 0 0 0 1 0 0 0 0 0 0 0 0 1 0 1 1 1
1 10 3 4 2 -0.1981997 0 0 0 0 0 0 0 1 1 0 1 0 1 0 0 1 0 0 0 0 0 0 0 0 0 0 0 0 0 1
2 1 0 0 1 -0.3633349 0 0 0 1 0 0 1 0 0 1 0 0 0 0 0 0 0 0 0 2 0 0 0 0 1 0 0 0 0 1
2 2 0 0 2 0.8323489 0 0 0 1 0 0 0 0 0 0 0 0 0 0 0 0 0 0 0 0 1 0 0 0 0 0 0 0 0 2
2 3 0 0 1 0.4388293 0 0 0 0 0 0 0 0 0 0 0 2 0 1 0 0 0 0 0 0 2 0 1 0 0 0 0 0 0 1
2 4 1 2 2 -1.0997218 0 0 0 0 0 0 0 0 0 0 0 0 0 0 0 0 0 1 1 0 1 0 1 0 0 0 0 0 0 0
2 5 1 2 1 0.2831695 0 0 0 0 0 0 0 0 0 0 0 0 0 0 0 0 0 0 0 0 2 0 0 0 0 0 0 0 0 2
2 6 1 2 2 0.156936 0 0 0 0 0 0 0 0 0 0 0 0 1 0 0 0 1 0 0 0 2 0 1 1 0 1 0 0 0 1
2 7 1 2 1 1.4643187 1 0 0 0 0 0 0 1 1 0 1 0 0 0 0 0 0 0 0 0 0 0 0 0 0 1 0 1 1 0
2 8 1 2 2 -0.8778472 1 0 0 0 0 0 0 1 1 0 1 0 0 0 0 0 0 0 0 0 0 0 0 0 0 1 0 1 1 0
2 9 3 4 1 -0.6171901 1 0 0 0 0 0 0 1 1 0 1 0 0 0 0 0 0 0 0 0 0 0 0 0 0 1 0 1 1 0
2 10 3 4 2 0.6090506 1 0 0 0 0 0 0 1 1 0 1 0 0 0 0 0 0 0 0 0 0 0 0 0 0 1 0 1 1 0
